Agence
FAST
Clients
1 test test 24/1/1996 24/2/2012 0705050505 fqsfq@gmail.com
2 radouen clement 24/1/1998 1/1/2015 0750505050 test@gmail.com
3 test fefefe 24/2/1998 1/1/2015 0605050524 fafza@gmail.com
4 CHANGEUX Clement 30/10/1996 12/12/2014 0606060606 clement@gmail.com
5 DUPONT Jean 12/1/1980 15/9/2000 0707070707 jdupont@gmail.com
Voitures
1 1 1 Z 1 3 2 1 1 1 0 1 1 50.000000 1.000000 JAGUAR XF ZZ004ZZ
2 1 1 Z 1 3 2 1 1 1 1 1 1 50.000000 1.000000 JAGUAR XE ZZ000ZZ
3 1 1 Z 1 5 9 2 1 1 1 1 1 50.000000 1.000000 JAGUAR VAN ZZ002ZZ
4 1 1 Z 1 3 2 1 1 1 1 1 1 50.000000 1.000000 JAGUAR FTYPE ZZ003ZZ
5 1 1 A 1 3 4 1 1 1 1 1 1 40.000000 120.000000 FIAT 500 AA000AP
6 1 1 B 1 5 5 1 1 1 1 1 1 45.000000 520.000000 PEUGEOT 208 AA000AU
7 1 1 C 1 5 5 1 1 1 1 1 1 50.000000 320.000000 PEUGEOT 2008 AA000BE
8 1 1 D 1 5 5 1 1 1 1 1 1 50.000000 210.000000 NISSAN QASHQAI AA000BJ
9 1 2 E 1 5 5 1 1 1 1 1 1 55.000000 321.000000 HYUNDAI TUCSON AA000BO
10 1 2 F 1 5 5 2 1 1 1 1 1 65.000000 60.000000 MERCEDES-BENZ CLA AA000BT
11 1 1 G 1 5 5 1 1 1 1 1 1 45.000000 356.000000 CITROEN C3 AA000AK
12 1 1 H 1 5 5 1 1 1 1 1 1 55.000000 356.000000 FORD FOCUS_SW AA000BY
13 1 2 I 1 5 4 1 1 1 1 1 1 45.000000 356.000000 FIAT 500_ELECTRIC AA000AZ
14 1 2 J 1 5 5 1 1 1 1 1 1 50.000000 580.000000 RENAULT CLIO AA000CX
15 1 2 K 1 5 5 1 1 1 1 1 1 60.000000 250.000000 HYUNDAI KONA_ELECTRIC AA000CD
16 1 2 L 1 5 5 1 1 1 1 1 1 50.000000 236.000000 RENAULT CAPTUR AA000CI
17 1 2 M 1 5 5 2 1 1 1 1 1 70.000000 125.000000 VOLVO XC60 AA000CN
18 1 1 N 1 5 9 1 1 1 1 1 1 70.000000 36.000000 TOYOTA PROACE AA000CS
19 1 1 O 1 5 7 2 1 1 1 1 1 70.000000 214.000000 RENAULT GRAND_SCENIC AA000AF
20 1 1 P 1 5 5 1 1 1 1 1 1 65.000000 245.000000 RENAULT SCENIC_X_MOD AA000AA
Reservations
1 1 1 2/9/2023 2 2 10.000000 120.000000 0
2 2 2 15/7/2023 5 2 10.000000 300.000000 1
3 2 4 12/7/2023 5 2 10.000000 300.000000 1
